0.000000000000000000e+00
2.373121923955281432e+00
4.746243847910562863e+00
7.119365771865844295e+00
9.492487695821125726e+00
1.186560961977640716e+01
1.423873154373168859e+01
1.661185346768697002e+01
1.898497539164225145e+01
1.979958805059499483e+01
2.060427067350821417e+01
2.140895329642143352e+01
2.207783634260200856e+01
2.237101528235156778e+01
2.266419422210112700e+01
2.295737316185068622e+01
2.272872786804767031e+01
2.241130376535034685e+01
2.209387966265302339e+01
2.253833012400938074e+01
2.330273722147398985e+01
2.421362671957750479e+01
2.664566837603461735e+01
2.907771003249172992e+01
3.114050206634502160e+01
3.181084193098387303e+01
3.248118179562272445e+01
3.312215379555211570e+01
3.366256866847633944e+01
3.439977426137940597e+01
3.546411649903595986e+01
3.652845873669251375e+01
3.700000000000000000e+01
3.700000000000000000e+01
3.700000000000000000e+01
3.789776601644039289e+01
3.898658823540500862e+01
4.007541045436963145e+01
4.130924028901051770e+01
4.335942732450024550e+01
4.540961435998996620e+01
4.747727420696563883e+01
4.960536994811441502e+01
5.173346568926319122e+01
5.388981962701891604e+01
5.608771439320415908e+01
5.828560915938940923e+01
5.969571455001180027e+01
5.831250468845686896e+01
5.692929482690193765e+01
5.857557302095031559e+01
6.642408591380203120e+01
7.427259880665376102e+01
8.177687140962041212e+01
8.721547781893998774e+01
9.265408422825957757e+01
9.809269063757915319e+01
1.009499640982522806e+02
1.024130188242532284e+02
1.038760735502541621e+02
1.034195148036811673e+02
1.027853099818526914e+02
1.021511051600242155e+02
1.024830648366100974e+02
1.031172239405302236e+02
1.037513830444503355e+02
1.042517623787000645e+02
1.046658737933716878e+02
1.053686964113047964e+02
1.072775667662723293e+02
1.091012693391445652e+02
1.101381338759635611e+02
1.111749984127825428e+02
1.121733305788722532e+02
1.130216163726693992e+02
1.138699021664665452e+02
1.156158146980354076e+02
1.175243299191048436e+02
1.194328451401742655e+02
1.220844201604519128e+02
1.250501762080198773e+02
1.280000000000000000e+02
1.280000000000000000e+02
1.280000000000000000e+02
1.280000000000000000e+02
1.285805374010924140e+02
1.293400057757374384e+02
1.301239910655640983e+02
1.310706419559954270e+02
1.320062346585052921e+02
1.323475344584292941e+02
1.326888342583533245e+02
1.331238410397929499e+02
1.345264706396535246e+02
1.359291002395141277e+02
1.373317298393747024e+02
1.375588176009483732e+02
1.367161573738371203e+02
1.361041330026965852e+02
1.367977832835478011e+02
1.374914335643990171e+02
1.377964212426532242e+02
1.370334564251780591e+02
1.362704916077028940e+02
1.360000000000000000e+02
1.360000000000000000e+02
1.363354807528888841e+02
1.370290069322534237e+02
1.377225331116179916e+02
1.382838152581001339e+02
1.387569048293742640e+02
1.391685607745120876e+02
1.395152837569966664e+02
1.398620067394812168e+02
1.397449021122238264e+02
1.393211565160419241e+02
1.390000000000000000e+02
1.390000000000000000e+02
1.390000000000000000e+02
1.390603948149587836e+02
1.396937301675955609e+02
1.403270655202323098e+02
1.409604008728690587e+02
1.417894833644653829e+02
1.426316211750875595e+02
1.428058096224673363e+02
1.424606234322059208e+02
1.421154372419445053e+02
1.427177193946986904e+02
1.437960565333349905e+02
1.447497422275261840e+02
1.456743542349790062e+02
1.465989662424317999e+02
1.459228109504496160e+02
1.440205510117862389e+02
1.421182910731228901e+02
1.402160311344595129e+02
1.394006648478054444e+02
1.405113274783185773e+02
1.416219901088317101e+02
1.451081608550060480e+02
1.498199675894843210e+02
1.545317743239625941e+02
1.592435810584408671e+02
1.613711337491660345e+02
1.630000000000000000e+02
1.630000000000000000e+02
1.630000000000000000e+02
1.628714817634731276e+02
1.610084560164564493e+02
1.591454302694397995e+02
1.572824045224231213e+02
1.563262388730757948e+02
1.573730339168556895e+02
1.577838938217226428e+02
1.572450580158066487e+02
1.567062222098906545e+02
1.561673864039746320e+02
1.560000000000000000e+02
1.560000000000000000e+02
1.557891990690640966e+02
1.553876217176546675e+02
1.550287188310791748e+02
1.558551114065091383e+02
1.566815039819391302e+02
1.573442465337841440e+02
1.579043660610956863e+02
1.584644855884072001e+02
1.589847890476112866e+02
1.586385215657058438e+02
1.582922540838004011e+02
1.578534943114958082e+02
1.569142800123973984e+02
1.559750657132989886e+02
1.550358514142005788e+02
1.556021968894672227e+02
1.562282929344958404e+02
1.568543889795244581e+02
1.567597747910958788e+02
1.564467493157422098e+02
1.561337238403885692e+02
1.567829799611542967e+02
1.581499093512875049e+02
1.595168387414207132e+02
1.608837681315539214e+02
1.598489388296721359e+02
1.585909053593252622e+02
1.573328718889783886e+02
1.560748384186315150e+02
1.603557599531432345e+02
1.649870266254526143e+02
1.696182932977619942e+02
1.723898340131119653e+02
1.731924022027480419e+02
1.739949703923841469e+02
1.758546911144015326e+02
1.777210786768048649e+02
1.786313481289267884e+02
1.774601365407424680e+02
1.762889249525581192e+02
1.751177133643737704e+02
1.747752295039736907e+02
1.745253441186184773e+02
1.742754587332632639e+02
1.740255733479080220e+02
1.745255915970143690e+02
1.751111047966362548e+02
1.756966179962581407e+02
1.751523555043420117e+02
1.733932198680061560e+02
1.716340842316702719e+02
1.700110164909025912e+02
1.684646372522411468e+02
1.669182580135797025e+02
1.653718787749182582e+02
1.656649554276075378e+02
1.665404538200137381e+02
1.674159522124199668e+02
1.682555981916289056e+02
1.690233982996661268e+02
1.697911984077033196e+02
1.705589985157405408e+02
1.715236422368192279e+02
1.727539184275663047e+02
1.739841946183133530e+02
1.747456158434632414e+02
1.732863833611428959e+02
1.718271508788225503e+02
1.703679183965022048e+02
1.689086859141818593e+02
1.672922192302907547e+02
1.654162349824666194e+02
1.635402507346424557e+02
1.627147049328632988e+02
1.667082746637713058e+02
1.707018443946792843e+02
1.746954141255872912e+02
1.786889838564952697e+02
1.826825535874032482e+02
1.830000000000000000e+02
1.830000000000000000e+02
1.830000000000000000e+02
1.830000000000000000e+02
1.825369064262886241e+02
1.819299237477319480e+02
1.813229410691752435e+02
1.807917353914261298e+02
1.803466843644445134e+02
1.802763197916132469e+02
1.815265035821473134e+02
1.827766873726813515e+02
1.840271459982451461e+02
1.852901165184232184e+02
1.865530870386012907e+02
1.878160575587793630e+02
1.895843133767793915e+02
1.914387054251581901e+02
1.932930974735369887e+02
1.951474895219157872e+02
1.963934490658275536e+02
1.971216876528475268e+02
1.978499262398675000e+02
1.986500186458054316e+02
1.994687620873709477e+02
2.002875055289364354e+02
2.009179190675504572e+02
2.002854119966287954e+02
1.996529049257071051e+02
1.990203978547854149e+02
1.983878907838637531e+02
1.942769843210725185e+02
1.846503410161804197e+02
1.750236977112882926e+02
1.653970544063961938e+02
1.606259146287271733e+02
1.585025273626898752e+02
1.563791400966525487e+02
1.542557528306152506e+02
1.547713000987873215e+02
1.556482216081554952e+02
1.565251431175236689e+02
1.573917386319229195e+02
1.582461386696464274e+02
1.591005387073699353e+02
1.599549387450934432e+02
1.609683830107042013e+02
1.619906823227385644e+02
1.630129816347729275e+02
1.642623411745452700e+02
1.718639286183551178e+02
1.794655160621649657e+02
1.870671035059748419e+02
1.946686909497846614e+02
1.999796804629305313e+02
2.042774233717505865e+02
2.085751662805706133e+02
2.128729091893906684e+02
2.132044628958284420e+02
2.134151563173776651e+02
2.136258497389268882e+02
2.138365431604761397e+02
2.097754629512063786e+02
1.909323941450450093e+02
1.720893253388836683e+02
1.532462565327222990e+02
1.344031877265609296e+02
1.078198627457722836e+02
8.106729717842151217e+01
5.431473161107072656e+01
2.756216604371994094e+01
9.838712277156115960e+00
2.210655315423735345e+01
3.437439403131858739e+01
4.664223490839982844e+01
2.712260071570143438e+01
4.021920482005469921e-02
