40.0
140.0
300.0
140.0
40.0
40.0
140.0
300.0
140.0
40.0
40.0
140.0
300.0
140.0
40.0
40.0
140.0
300.0
140.0
40.0
40.0
140.0
300.0
140.0
80.0
140.0
300.0
140.0
80.0
140.0
300.0
140.0
80.0
140.0
300.0
140.0
80.0
140.0
300.0
140.0
80.0
140.0
300.0
180.0
180.0
300.0
140.0
80.0
140.0
300.0
140.0
80.0
140.0
300.0
180.0
180.0
300.0
180.0
180.0
300.0
180.0
180.0
300.0
180.0
180.0
300.0
180.0
180.0
300.0
180.0
180.0
300.0
180.0
180.0
300.0
180.0
180.0
300.0
180.0
180.0
300.0
180.0
180.0
300.0
180.0
180.0
300.0
180.0
180.0
300.0
180.0
180.0
300.0
180.0
180.0
300.0
180.0
180.0
300.0
180.0
180.0
300.0
180.0
180.0
300.0
180.0
180.0
300.0
180.0
180.0
300.0
180.0
180.0
300.0
180.0
180.0
300.0
180.0
180.0
300.0
180.0
180.0
300.0
180.0
180.0
300.0
180.0
180.0
300.0
180.0
180.0
300.0
180.0
180.0
300.0
180.0
180.0
300.0
180.0
180.0
300.0
180.0
180.0
300.0
180.0
180.0
300.0
180.0
180.0
300.0
180.0
180.0
300.0
180.0
180.0
300.0
180.0
180.0
300.0
180.0
180.0
300.0
180.0
180.0
300.0
180.0
180.0
300.0
180.0
180.0
300.0
180.0
180.0
300.0
180.0
180.0
300.0
180.0
180.0
300.0
180.0
180.0
300.0
180.0
180.0
300.0
180.0
180.0
300.0
180.0
180.0
340.0
280.0
380.0
280.0
380.0
280.0
380.0
280.0
380.0
280.0
380.0
280.0
380.0
280.0
380.0
280.0
380.0
280.0
380.0
280.0
340.0
180.0
180.0
300.0
180.0
180.0
300.0
180.0
180.0
340.0
280.0
380.0
280.0
380.0
280.0
380.0
280.0
340.0
180.0
180.0
300.0
180.0
180.0
340.0
280.0
380.0
280.0
380.0
280.0
380.0
280.0
380.0
280.0
380.0
280.0
380.0
280.0
380.0
280.0
380.0
280.0
380.0
280.0
380.0
280.0
380.0
280.0
380.0
280.0
380.0
280.0
379.9999999999995
279.9999999999982
379.9999999999962
279.9999999999987
380.0000000000008
280.0000000000021
379.99999999999807
279.99999999999926
380.0000000000012
280.0000000000037
340.0000000000017
180.00000000000048
180.0
300.0
180.0
180.0
300.0
180.0
180.0
300.0
180.0
180.0
300.0
180.0
180.0
340.0
280.0
380.0
280.0
380.0
280.0
380.0
280.0
380.0
280.0
380.0
280.0
380.0
280.0
380.0
280.0
380.0
280.0
340.0
180.0
180.0
300.0
140.0
40.0
40.0
140.0
300.0
140.0
40.0
