40.0
140.0
300.0
140.0
40.0
40.0
140.0
300.0
140.0
40.0
40.0
140.0
300.0
140.0
40.0
40.0
140.0
300.0
140.0
40.0
40.0
140.0
300.0
180.0
180.0
300.0
140.0
80.0
140.0
300.0
140.0
80.0
140.0
300.0
140.0
80.0
140.0
300.0
140.0
80.0
140.0
300.0
140.0
80.0
140.0
300.0
140.0
80.0
140.0
300.0
140.0
80.0
140.0
300.0
180.0
180.0
300.0
180.0
180.0
300.0
180.0
180.0
300.0
180.0
180.0
300.0
180.0
180.0
300.0
180.0
180.0
300.0
180.0
180.0
300.0
180.0
180.0
300.0
180.0
180.0
300.0
180.0
180.0
300.0
180.0
180.0
300.0
180.0
180.0
300.0
180.0
180.0
300.0
180.0
180.0
300.0
180.0
180.0
300.0
180.0
180.0
300.0
180.0
180.0
300.0
180.0
180.0
300.0
180.0
180.0
300.0
180.0
180.0
300.0
180.0
180.0
300.0
180.0
180.0
300.0
180.0
180.0
300.0
180.0
180.0
300.0
180.0
180.0
300.0
180.0
180.0
300.0
180.0
180.0
300.0
180.0
180.0
300.0
180.0
180.0
300.0
180.0
180.0
300.0
180.0
180.0
300.0
180.0
180.0
300.0
180.0
180.0
300.0
180.0
180.0
300.0
180.0
180.0
300.0
180.0
180.0
299.9999999999956
179.9999999999891
179.99999999998252
300.00000000001313
180.0
179.99999999998687
300.00000000001313
179.99999999999997
179.99999999998687
300.00000000001313
180.0
179.99999999998687
300.00000000001313
179.99999999999997
179.99999999998684
300.00000000001313
180.0
179.99999999998687
300.00000000001313
180.0
179.99999999998687
300.00000000001313
180.0
179.99999999998687
300.00000000001313
179.99999999999562
179.99999999997155
299.9999999999807
179.99999999998568
179.99999999998806
340.00000000002984
280.0000000000398
380.0000000000179
279.9999999999309
379.99999999972476
279.99999999940286
379.99999999964666
279.99999999993634
379.9999999999082
279.99999999995424
379.9999999999815
280.0
379.99999999999363
279.9999999999777
379.99999999994617
279.9999999999566
379.99999999995435
280.0
380.0000000000393
280.0000000000139
339.99999999998073
179.9999999999545
179.99999999999633
300.00000000002746
179.99999999996533
179.99999999997834
299.99999999999136
180.0
180.0
340.0
280.0
380.0
280.0
380.0
280.0
380.0
280.0
340.0
180.0
180.0
300.0
180.0
180.0
340.0
280.0
380.0
280.0
380.0
280.0
380.0
280.0
380.0
280.0
380.0
280.0
380.0
280.0
380.0
280.0
380.0
280.0
380.0
280.0
380.0
280.0
380.0
280.0
380.0
280.0
380.0
280.0
380.0
280.0
380.0
280.0
380.0
280.0
380.0
320.0
480.0
440.0
220.0
180.0
300.0
180.0
180.0
300.0
180.0
180.0
300.0
180.0
180.0
300.0
180.0
180.0
300.0
180.0
180.0
340.0
280.0
380.0
280.0
380.0
280.0
380.0
280.0
380.0
280.0
380.0
280.0
380.0
280.0
340.0
180.0
180.0
300.0
140.0
80.0
140.0
300.0
140.0
80.0
140.0
300.0
140.0
