[0.0]
[0.0]
[1.0]
[0.0]
[0.0]
[0.0]
[0.0]
[1.0]
[0.0]
[0.0]
[0.0]
[0.0]
[1.0]
[0.0]
[0.0]
[0.0]
[0.0]
[1.0]
[0.0]
[0.0]
[0.0]
[0.0]
[1.0]
[0.0]
[0.0]
[0.0]
[1.0]
[0.0]
[0.0]
[-0.0]
[1.0]
[0.0]
[0.0]
[-0.0]
[1.0]
[0.0]
[0.0]
[0.0]
[1.0]
[0.0]
[0.0]
[1.0]
[0.0]
[0.0]
[0.0]
[1.0]
[0.0]
[0.0]
[0.0]
[1.0]
[0.0]
[0.0]
[0.0]
[1.0]
[0.0]
[0.0]
[1.0]
[0.0]
[0.0]
[1.0]
[0.0]
[0.0]
[1.0]
[0.0]
[0.0]
[1.0]
[0.0]
[0.0]
[1.0]
[0.0]
[0.0]
[1.0]
[0.0]
[0.0]
[1.0]
[0.0]
[0.0]
[1.0]
[0.0]
[0.0]
[1.0]
[0.0]
[0.0]
[1.0]
[0.0]
[0.0]
[1.0]
[0.0]
[0.0]
[1.0]
[0.0]
[0.0]
[1.0]
[0.0]
[0.0]
[1.0]
[0.0]
[0.0]
[1.0]
[0.0]
[0.0]
[1.0]
[0.0]
[0.0]
[1.0]
[0.0]
[0.0]
[1.0]
[0.0]
[0.0]
[1.0]
[0.0]
[0.0]
[1.0]
[0.0]
[0.0]
[1.0]
[0.0]
[0.0]
[1.0]
[0.0]
[0.0]
[1.0]
[0.0]
[0.0]
[1.0]
[0.0]
[0.0]
[1.0]
[0.0]
[0.0]
[1.0]
[0.0]
[0.0]
[1.0]
[0.0]
[0.0]
[1.0]
[0.0]
[0.0]
[1.0]
[0.0]
[0.0]
[1.0]
[0.0]
[0.0]
[1.0]
[0.0]
[-0.0]
[1.0]
[-0.0]
[0.0]
[1.0]
[0.0]
[-0.0]
[1.0]
[0.0]
[-0.0]
[1.0]
[-0.0]
[-0.0]
[1.0]
[0.0]
[0.0]
[1.0]
[-0.0]
[-0.0]
[1.0]
[-0.0]
[-0.0]
[1.0]
[-0.0]
[0.0]
[1.0]
[0.0]
[-0.0]
[1.0]
[-0.0]
[-0.0]
[1.0]
[-0.0]
[-0.0]
[1.0]
[0.0]
[-0.0]
[1.0]
[0.0]
[0.0]
[1.0]
[-0.0]
[-0.0]
[1.0]
[0.0]
[1.0]
[0.0]
[1.0]
[0.0]
[1.0]
[0.0]
[1.0]
[0.0]
[1.0]
[0.0]
[1.0]
[0.0]
[1.0]
[0.0]
[1.0]
[0.0]
[1.0]
[0.0]
[1.0]
[0.0]
[0.0]
[1.0]
[0.0]
[0.0]
[1.0]
[0.0]
[0.0]
[1.0]
[0.0]
[1.0]
[0.0]
[1.0]
[0.0]
[1.0]
[0.0]
[1.0]
[0.0]
[0.0]
[1.0]
[0.0]
[0.0]
[1.0]
[0.0]
[1.0]
[0.0]
[1.0]
[0.0]
[1.0]
[0.0]
[1.0]
[0.0]
[1.0]
[0.0]
[1.0]
[0.0]
[1.0]
[0.0]
[1.0]
[0.0]
[1.0]
[-0.0]
[1.0000000000000033]
[-0.0]
[1.0]
[-2.4868995751603485e-15]
[1.0]
[-0.0]
[1.0]
[-0.0]
[1.0]
[0.0]
[1.0]
[1.6148698540002276e-15]
[1.0]
[0.0]
[1.0]
[0.0]
[1.0]
[0.0]
[1.0000000000000027]
[0.0]
[0.0]
[1.0]
[-0.0]
[-0.0]
[1.0]
[-0.0]
[-0.0]
[1.0]
[-0.0]
[0.0]
[1.0]
[0.0]
[1.4408227697357586e-14]
[0.9999999999999815]
[-0.0]
[3.275157922644212e-14]
[0.9999999999999672]
[1.0]
[0.0]
[3.222934447795671e-14]
[0.9999999999999676]
[1.0]
[0.0]
[1.0]
[-0.0]
[1.0]
[-0.0]
[1.0]
[-0.0]
[1.0]
[-0.0]
[0.0]
[1.0]
[-0.0]
[-0.0]
[0.0]
[1.0]
[0.0]
[0.0]
[1.0]
[0.0]
[-0.0]
