300.0
140.0
40.0
40.0
140.0
300.0
140.0
40.0
40.0
140.0
300.0
140.0
40.0
40.0
140.0
300.0
140.0
40.0
40.0
140.0
300.0
140.0
40.0
40.0
140.0
300.0
140.0
80.0
140.0
300.0
140.0
80.0
140.0
300.0
140.0
80.0
140.0
300.0
140.0
80.0
140.0
300.0
140.0
80.0
140.0
300.0
140.0
80.0
140.0
300.0
140.0
80.0
140.0
300.0
180.0
180.0
300.0
180.0
180.0
300.0
180.0
180.0
300.0
180.0
180.0
300.0
180.0
180.0
300.0
180.0
180.0
300.0
180.0
180.0
300.0
180.0
180.0
300.0
180.0
180.0
300.0
180.0
180.0
300.0
180.0
180.0
300.0
180.0
180.0
300.0
180.0
180.0
300.0
180.0
180.0
300.0
180.0
180.0
300.0
180.0
180.0
300.0
180.0
180.0
300.0
180.0
180.0
300.0
180.0
180.0
300.0
180.0
180.0
300.0
180.0
180.0
300.0
180.0
180.0
300.0
180.0
180.0
300.0
180.0
180.0
300.0
180.0
180.0
300.0
180.0
180.0
300.0
180.0
180.0
300.0
180.0
180.0
300.0
180.0
180.0
300.0
180.0
180.0
300.0
180.0
180.0
300.0
180.0
180.0
300.0
180.0
180.0
300.0
180.0
180.0
300.0
180.0
180.0
300.0
180.0
180.0
300.0
180.0
180.0
300.0
180.0
180.0
300.0
180.0
180.0
300.0
180.0
180.0
300.0
180.0
180.0
300.0
180.0
180.0
300.0
180.0
180.0
300.0
180.0
180.0
300.0
180.0
180.0
300.0
180.0
180.0
340.0
280.0
380.0
280.0
380.0
280.0
380.0
280.0
380.0
280.0
380.0
280.0
380.0
280.0
380.0
280.0
380.0
280.0
380.0
280.0
340.0
180.0
180.0
300.0
180.0
180.0
300.0
180.0
180.0
340.0
280.0
380.0
280.0
380.0
280.0
380.0
280.0
340.0
180.0
180.0
300.0
180.0
180.0
340.0
280.0
380.0
280.0
380.0
280.0
380.0
280.0
380.0
280.0
380.0
280.0
380.0
280.0
380.0
280.0
380.0
280.0
380.0
280.0
380.0
280.0
380.0
320.0
480.0
440.0
220.0
220.0
440.0
440.0
220.0
220.0
440.0
440.0
220.0
220.0
440.0
440.0
220.0
180.0
300.0
180.0
180.0
300.0
180.0
180.0
300.0
180.0
180.0
300.0
180.0
180.0
300.0
180.0
180.0
340.0
280.0
380.0
280.0
380.0
280.0
380.0
280.0
380.0
280.0
380.0
280.0
380.0
280.0
340.0
180.0
180.0
300.0
140.0
80.0
140.0
300.0
140.0
80.0
140.0
300.0
140.0
