[1.0]
[0.0]
[0.0]
[0.0]
[0.0]
[1.0]
[0.0]
[0.0]
[0.0]
[0.0]
[1.0]
[0.0]
[0.0]
[0.0]
[0.0]
[1.0]
[0.0]
[0.0]
[0.0]
[0.0]
[1.0]
[0.0]
[0.0]
[0.0]
[0.0]
[1.0]
[0.0]
[0.0]
[0.0]
[1.0]
[0.0]
[0.0]
[0.0]
[1.0]
[0.0]
[0.0]
[0.0]
[1.0]
[0.0]
[0.0]
[0.0]
[1.0]
[0.0]
[0.0]
[0.0]
[1.0]
[0.0]
[0.0]
[0.0]
[1.0]
[0.0]
[0.0]
[0.0]
[1.0]
[0.0]
[0.0]
[1.0]
[0.0]
[0.0]
[1.0]
[0.0]
[0.0]
[1.0]
[0.0]
[0.0]
[1.0]
[0.0]
[0.0]
[1.0]
[0.0]
[0.0]
[1.0]
[0.0]
[0.0]
[1.0]
[0.0]
[0.0]
[1.0]
[0.0]
[0.0]
[1.0]
[0.0]
[0.0]
[1.0]
[0.0]
[0.0]
[1.0]
[0.0]
[0.0]
[1.0]
[0.0]
[0.0]
[1.0]
[0.0]
[0.0]
[1.0]
[0.0]
[0.0]
[1.0]
[0.0]
[0.0]
[1.0]
[0.0]
[0.0]
[1.0]
[0.0]
[0.0]
[1.0]
[0.0]
[0.0]
[1.0]
[0.0]
[0.0]
[1.0]
[0.0]
[0.0]
[1.0]
[0.0]
[0.0]
[1.0]
[0.0]
[0.0]
[1.0]
[0.0]
[0.0]
[1.0]
[0.0]
[0.0]
[1.0]
[0.0]
[0.0]
[1.0]
[0.0]
[0.0]
[1.0]
[0.0]
[0.0]
[1.0]
[0.0]
[0.0]
[1.0]
[0.0]
[0.0]
[1.0]
[0.0]
[0.0]
[1.0]
[0.0]
[0.0]
[1.0]
[0.0]
[0.0]
[1.0]
[0.0]
[0.0]
[1.0]
[0.0]
[0.0]
[1.0]
[0.0]
[0.0]
[1.0]
[0.0]
[0.0]
[1.0]
[0.0]
[0.0]
[1.0]
[0.0]
[0.0]
[1.0]
[0.0]
[0.0]
[1.0]
[0.0]
[0.0]
[1.0]
[0.0]
[0.0]
[1.0]
[0.0]
[0.0]
[1.0]
[0.0]
[0.0]
[1.0]
[0.0]
[0.0]
[1.0]
[0.0]
[0.0]
[1.0]
[-0.0]
[1.0]
[0.0]
[1.0]
[5.369948016699136e-16]
[0.9999999999999981]
[1.3322676295501878e-15]
[0.9999999999999987]
[1.3322676295501878e-15]
[0.9999999999999987]
[0.0]
[1.0]
[1.3322676295501878e-15]
[0.9999999999999987]
[0.0]
[1.0]
[1.3322676295501878e-15]
[0.9999999999999972]
[1.9896930194828382e-15]
[0.9999999999999989]
[8.323022100425377e-16]
[0.0]
[1.000000000000004]
[-3.9968028886505635e-15]
[-0.0]
[1.000000000000004]
[-3.9968028886505635e-15]
[0.0]
[1.000000000000004]
[-3.9968028886505635e-15]
[1.000000000000004]
[-3.9968028886505635e-15]
[1.000000000000002]
[0.0]
[1.0]
[-2.220446049250313e-15]
[1.0000000000000022]
[0.0]
[-1.9984014443252818e-15]
[1.0000000000001068]
[0.0]
[-1.0601950156787822e-13]
[1.0]
[0.0]
[1.0]
[-0.0]
[1.0]
[-0.0]
[1.0]
[-0.0]
[1.0]
[0.0]
[1.0]
[-0.0]
[1.0]
[-0.0]
[0.9999999999999994]
[0.0]
[0.9999999999999996]
[-0.0]
[1.0]
[0.0]
[1.0]
[-0.0]
[1.0]
[0.0]
[1.0]
[1.0]
[0.0]
[0.0]
[0.9999999999999996]
[1.0]
[-6.22668583361019e-13]
[0.0]
[1.0]
[1.0]
[-0.0]
[0.0]
[1.0]
[0.999999999999639]
[-5.2092732623238374e-14]
[9.67732684110779e-13]
[1.0]
[-9.67732684110779e-13]
[8.821782810425956e-13]
[1.000000000000085]
[-3.473961858920423e-13]
[-1.2891909761947318e-12]
[1.0000000000038478]
[-2.5586335079054374e-12]
[-1.2875217117518599e-12]
[1.0000000000038418]
[-2.5542940426610318e-12]
[-1.2875217117518599e-12]
[1.0000000000018465]
[-4.724038268839381e-13]
[-4.725109192804666e-13]
[1.0000000000018765]
[-1.4040917209637879e-12]
[1.0]
[0.0]
[1.0]
[0.0]
[0.9999999999999982]
[1.7763568394002505e-15]
[0.9999999999999982]
[1.7763568394002505e-15]
[0.9999999999999982]
[1.7763568394002505e-15]
[0.9999999999999982]
[0.0]
[1.0]
[1.7763568394002505e-15]
[0.0]
[0.9999999999999982]
[1.7763568394002505e-15]
[-0.0]
[-0.0]
[0.9999999999999982]
[0.0]
[1.7763568394002505e-15]
[0.0]
[0.9999999999999982]
[1.7763568394002505e-15]
