300.0
140.0
40.0
40.0
140.0
300.0
140.0
40.0
40.0
140.0
300.0
140.0
40.0
40.0
140.0
300.0
140.0
40.0
40.0
140.0
300.0
140.0
40.0
40.0
140.0
300.0
140.0
80.0
140.0
300.0
140.0
80.0
140.0
300.0
140.0
80.0
140.0
300.0
140.0
80.0
140.0
300.0
140.0
80.0
140.0
300.0
140.0
80.0
140.0
300.0
140.0
80.0
140.0
300.0
180.0
180.0
300.0
180.0
180.0
300.0
180.0
180.0
300.0
180.0
180.0
300.0
180.0
180.0
300.0
180.0
180.0
300.0
180.0
180.0
300.0
180.0
180.0
300.0
180.0
180.0
300.0
180.0
180.0
300.0
180.0
180.0
300.0
180.0
180.0
300.0
180.0
180.0
300.0
180.0
180.0
300.0
180.0
180.0
300.0
180.0
180.0
300.0
180.0
180.0
300.0
180.0
180.0
300.0
180.0
180.0
300.0
180.0
180.0
300.0
180.0
180.0
300.0
180.0
180.0
300.0
180.0
180.0
300.0
180.0
180.0
300.0
180.0
180.0
300.0
180.0
180.0
300.0
180.0
180.0
300.0
180.0
180.0
300.0
180.0
180.0
300.0
180.0
180.0
300.0
180.0
180.00000000000003
299.99999999999994
179.99999999999991
179.99999999999997
300.0
179.99999999999997
179.99999999999991
300.0000000000001
179.9999999999999
180.00000000000003
300.00000000000017
179.99999999999986
180.00000000000034
299.9999999999999
180.0
180.0000000000001
300.0
179.99999999999994
179.99999999999997
300.00000000000006
179.99999999999994
179.99999999999994
300.0
180.0
180.0
300.0
180.0
180.0
300.0
180.0
180.0
300.0
180.0
180.0
300.0
180.0
180.00000000000006
300.0000000000001
180.00000000000006
180.0
300.0
180.0
180.0
300.0
180.0
180.0
340.0
280.0
380.0
280.0
380.0
280.0
380.0
280.0
380.0
280.0
380.0
280.0
380.0
280.0
380.0
280.0
380.0
280.0
380.0
280.0
340.0
180.0
180.0
300.0
180.0
180.0
300.0
180.0
180.0
340.0
280.0
380.0
280.0
380.0
280.0
380.0
280.0
340.0
180.0
180.0
300.0
180.0
180.0
340.0
280.0
380.0
280.0
380.0
280.0
380.0
280.0
380.0
280.0
380.0
280.0
380.0
280.0
380.0
280.0
380.0
280.0
380.0
280.0
380.0
280.0
380.0
280.0
380.0
280.0
380.0
280.0
380.0
280.0
380.0
280.0
380.0
280.0
380.0
280.0
380.0
280.0
379.9999999999999
279.9999999999997
339.99999999999955
180.00000000000034
180.0
299.99999999999966
180.00000000000037
180.00000000000009
299.9999999999998
180.00000000000026
180.00000000000006
299.99999999999983
180.00000000000009
180.0
299.9999999999999
179.99999999999997
180.00000000000014
340.0
280.0000000000001
379.9999999999999
280.0000000000001
379.9999999999999
280.0000000000001
379.9999999999999
280.00000000000006
379.9999999999999
280.00000000000006
379.9999999999999
280.00000000000006
379.9999999999999
280.0000000000001
339.99999999999994
180.00000000000014
179.99999999999997
299.9999999999999
140.0000000000001
80.00000000000009
140.00000000000003
300.0
140.0
80.0
140.0
300.0
140.0
