0.9999999999999996
0.0
4.0602442043434295e-16
0.0
0.0
0.9999999999999996
0.0
-0.0
0.0
-0.0
1.0
0.0
-0.0
0.0
-0.0
1.0
0.0
-0.0
0.0
-0.0
1.0
0.0
-0.0
0.0
0.0
1.0
-0.0
-0.0
-0.0
0.9999999999999999
-0.0
-0.0
-0.0
1.0
-0.0
0.0
-0.0
1.0
-0.0
0.0
-0.0
1.0
-0.0
0.0
-0.0
1.0
-0.0
-0.0
0.0
1.0
0.0
-0.0
0.0
1.0
0.0
0.0
1.0
-0.0
0.0
1.0
-0.0
0.0
1.0
-0.0
0.0
1.0
-0.0
0.0
1.0
-0.0
0.0
1.0
-0.0
0.0
1.0
-0.0
0.0
1.0
-0.0
0.0
1.0
-0.0
0.0
1.0
0.0
0.0
1.0
-0.0
0.0
1.0
-0.0
-0.0
1.0
-0.0
-0.0
1.0
-0.0
-0.0
0.9999999999999997
2.2965964157052615e-16
-0.0
0.9999999999999999
-0.0
-0.0
0.9999999999999999
-0.0
-0.0
1.0
-0.0
-0.0
0.9999999999999999
1.9903835694908304e-16
-0.0
0.9999999999999997
4.133873567404032e-16
-0.0
0.9999999999999994
5.358724994783005e-16
-0.0
0.9999999999999994
5.358724994783005e-16
-0.0
0.9999999999999994
5.358724994783005e-16
-0.0
0.9999999999999994
5.358724994783005e-16
-0.0
0.9999999999999994
5.358724994783005e-16
-0.0
0.9999999999999994
5.511831423205376e-16
0.0
0.9999999999999996
4.0589559301167353e-16
-0.0
0.9999999999999997
3.6257422184214387e-16
0.0
0.9999999999999999
0.0
-0.0
0.9999999999999979
2.138455502490961e-15
-2.8928083681910753e-15
1.0000000000000022
-0.0
-1.851335659988204e-15
1.0000000000000018
0.0
-1.2788014578647252e-15
1.000000000000001
0.0
-0.0
1.0
-0.0
-0.0
0.9999999999999998
0.0
-0.0
0.9999999999999999
-0.0
-0.0
0.9999999999999998
1.9032394707859825e-16
0.0
0.9999999999999998
-0.0
0.0
0.9999999999999998
-0.0
0.0
0.9999999999999998
-0.0
0.0
0.9999999999999998
-0.0
0.0
1.0000000000000002
-5.807320436500818e-16
7.248653623389904e-16
0.9999999999999992
5.265629202507885e-16
-0.0
0.9999999999999997
-0.0
-0.0
0.9999999999999996
4.440892098500626e-16
0.0
0.9999999999999996
4.440892098500626e-16
0.9999999999999996
4.440892098500626e-16
0.9999999999999996
4.440892098500626e-16
0.9999999999999996
4.440892098500626e-16
0.9999999999999996
4.440892098500626e-16
0.9999999999999996
4.440892098500626e-16
0.9999999999999996
4.440892098500626e-16
0.9999999999999996
4.440892098500626e-16
0.9999999999999996
4.440892098500626e-16
0.9999999999999996
4.440892098500626e-16
0.9999999999999996
4.440892098500626e-16
0.0
1.0
-0.0
0.0
0.9999999999999998
2.220446049250313e-16
0.0
1.0
-0.0
1.0
0.0
1.0
0.0
1.0
0.0
1.0
0.0
-0.0
1.0
0.0
0.0
1.0
-0.0
1.0
0.0
1.0
0.0
1.0
0.0
1.0
0.0
1.0
0.0
1.0
0.0
1.0
0.0
1.0
0.0
1.0
0.0
1.0
0.0
1.0
0.0
1.0
0.0
1.0
0.0
1.0
0.0
1.0
0.0
1.0
0.0
1.0
0.0
1.0
0.0
1.0
0.0
-0.0
1.0
0.0
-0.0
1.0000000000000002
-0.0
-0.0
1.0
0.0
-0.0
1.0
-0.0
<<<<<<< HEAD
=======
1.0
0.0
6.106226635438361e-16
-0.0
0.9999999999999988
6.320712503727421e-16
0.0
1.1883391653670379e-15
0.9999999999999977
1.1133950904097998e-15
>>>>>>> aa876ccfa51332ce4994bb950a4713bec1368674
