300.0
140.0
40.0
40.0
140.0
300.0
140.0
40.0
40.0
140.0
300.0
140.0
40.0
40.0
140.0
300.0
140.0
40.0
40.0
140.0
300.0
140.0
40.0
40.0
140.0
300.0
140.0
80.0
140.0
300.0
140.0
80.0
140.0
300.0
140.0
80.0
140.0
300.0
140.0
80.0
140.0
300.0
140.0
80.0
140.0
300.0
140.0
80.0
140.0
300.0
140.0
80.0
140.0
300.0
179.99999999999991
179.99999999999983
299.9999999999998
180.000000000001
179.99999999999997
299.9999999999994
180.0000000000016
179.9999999999999
299.9999999999983
180.00000000000142
180.0
299.9999999999989
180.0000000000017
180.0
299.999999999997
180.00000000000213
180.00000000000026
299.9999999999953
180.0000000000045
180.0000000000018
299.99999999999767
180.00000000000085
180.00000000000148
299.9999999999944
180.00000000000063
180.00000000000097
300.0000000000017
180.00000000000313
179.9999999999985
299.99999999999477
180.0000000000045
180.0
299.9999999999955
180.00000000000446
180.00000000000003
299.9999999999955
180.00000000000446
180.0
299.9999999999955
180.00000000000446
180.0
299.9999999999955
180.0000000000045
180.00000000000003
299.9999999999955
180.00000000000446
180.0
299.9999999999955
180.00000000000446
180.0
299.9999999999955
180.00000000000446
180.0
299.9999999999955
180.0000000000045
180.00000000000003
299.9999999999955
180.0000000000045
180.00000000000003
299.9999999999955
180.0000000000045
180.00000000000003
299.9999999999955
180.0000000000045
180.00000000000003
299.9999999999955
180.0000000000045
180.00000000000003
299.9999999999955
180.0000000000045
180.00000000000003
299.9999999999955
180.0000000000045
180.00000000000003
299.9999999999955
180.0000000000045
180.00000000000003
299.9999999999955
180.0000000000045
180.00000000000003
299.9999999999955
180.0000000000045
180.00000000000003
299.9999999999955
180.0000000000045
180.00000000000003
299.9999999999955
180.0000000000045
180.00000000000003
299.9999999999955
180.00000000000446
180.0
299.9999999999955
180.00000000000446
180.0
299.9999999999955
180.00000000000446
180.0
299.9999999999955
180.0000000000045
180.0
299.9999999999955
180.00000000000452
180.0
299.99999999999545
180.0000000000045
180.0
299.99999999999545
180.00000000000446
180.00000000000003
299.9999999999955
180.0000000000045
180.00000000000003
299.9999999999955
180.0000000000045
180.00000000000003
299.9999999999955
180.00000000000452
180.0
299.99999999999545
180.00000000000452
180.00000000000003
299.99999999999545
180.0000000000045
180.0
299.99999999999545
180.0000000000045
180.0
299.99999999999545
180.0000000000045
180.0
299.99999999999545
180.0000000000045
180.0
299.99999999999545
180.0000000000045
180.0
299.99999999999545
200.00000000000523
270.00000000000034
499.99999999999545
270.00000000000034
200.0000000000068
299.99999999999926
200.0000000000053
269.9999999999974
499.9999999999913
270.00000000000864
200.00000000000264
299.99999999999625
200.0000000000049
269.99999999999943
499.99999999999307
269.9999999999995
200.00000000000446
340.0000000000013
280.0000000000009
339.999999999993
180.00000000000873
179.99999999999997
299.9999999999923
180.00000000000767
179.99999999999997
299.99999999999227
180.0000000000077
180.0
299.9999999999986
200.00000000001518
270.00000000000136
499.9999999999333
270.00000000005497
199.99999999999065
339.9999999999644
280.0000000000225
339.9999999999926
180.00000000003007
179.9999999999919
299.99999999998016
180.0000000000203
179.99999999998653
299.9999999999674
200.00000000000668
269.9999999999478
500.0000000000775
269.99999999997505
199.99999999998136
300.0000000000251
200.00000000007253
270.0000000001
499.9999999998004
270.00000000006963
199.99999999993426
339.9999999997157
279.99999999989626
379.99999999991485
279.99999999995083
339.9999999999801
199.9999999999533
269.9999999999964
500.0000000000461
269.9999999999874
199.999999999987
339.9999999999935
280.0
380.0
280.0
380.0
280.0
380.0
280.0
380.0
280.0
380.0
280.0
380.0
280.0
380.0
280.0
339.9999999999922
179.9999999999806
179.99999999996896
300.00000000002325
180.0
179.9999999999767
300.00000000002325
179.99999999999037
179.99999999995282
299.999999999985
180.00000000002868
179.99999999997675
299.99999999999454
180.00000000002865
179.99999999996902
339.9999999999752
279.9999999999995
379.9999999997611
279.99999999924034
379.99999999867606
280.00000000077404
380.00000000045645
279.99999999974176
379.99999999872244
279.9999999999509
380.00000000108196
280.0000000002369
379.99999999952064
280.0000000003719
380.00000000079825
279.9999999996844
340.0000000001109
179.9999999999179
179.99999999976285
300.00000000023715
139.99999999992096
79.99999999956523
140.0
300.0000000005138
140.00000000019762
79.99999999988142
139.9999999996838
300.0000000003162
140.00000000019762
