1.0
0.0
-0.0
0.0
0.0
1.0
-0.0
-0.0
0.0
0.0
1.0
-0.0
-0.0
0.0
0.0
1.0
-0.0
-0.0
0.0
0.0
1.0
-0.0
-0.0
0.0
-0.0
1.0
-0.0
-0.0
-0.0
1.0
-0.0
-0.0
0.0
1.0
-0.0
-0.0
0.0
1.0
-0.0
-0.0
0.0
1.0
-0.0
-0.0
0.0
1.0
-0.0
-0.0
-0.0
1.0
-0.0
-0.0
0.0
1.0000000000002114
0.0
-2.41140440948584e-13
1.0000000000006937
-2.1141909468034191e-13
-2.412514632510465e-13
1.0000000000009053
-2.113538330969177e-13
0.0
1.0000000000012335
-9.44799793956009e-14
-3.3123503939691545e-13
1.000000000001234
-5.996457468857519e-13
-9.747758156208874e-13
1.0000000000019895
-8.175682353339653e-13
-9.876544027065393e-13
1.0000000000019895
-2.4616079223662126e-13
-1.7432721932664208e-12
1.0000000000023477
-2.4616079223662126e-13
-1.74330814419767e-12
1.0000000000023477
-2.460254222569347e-13
-2.101641469531763e-12
1.0000000000023477
-2.4616079223662126e-13
-2.0179413695586845e-12
1.0000000000022642
-2.6290081223123707e-13
-2.0179413695586845e-12
1.0000000000022642
-2.6290081223123707e-13
-2.0179413695586845e-12
1.0000000000022808
-2.6290081223123707e-13
-2.0179413695586845e-12
1.0000000000022808
-2.6290081223123707e-13
-2.0179413695586845e-12
1.0000000000022808
-2.6290081223123707e-13
-2.0179413695586845e-12
1.0000000000022808
-2.6290081223123707e-13
-2.0179413695586845e-12
1.0000000000022808
-2.6290081223123707e-13
-2.0179413695586845e-12
1.0000000000022808
-2.653433028854124e-13
-2.015498878904509e-12
1.0000000000022833
-2.6789152906574256e-13
-2.0154883053518935e-12
1.0000000000022833
-2.6789152906574256e-13
-2.015498878904509e-12
1.0000000000022833
-2.6789152906574256e-13
-2.01540371693097e-12
1.0000000000022833
-2.6775407288174133e-13
-2.015498878904509e-12
1.0000000000022833
-2.6778579353958776e-13
-2.015498878904509e-12
1.0000000000022833
-2.6789152906574256e-13
-2.0154883053518935e-12
1.0000000000022715
-2.6789152906574256e-13
-2.006511359181353e-12
1.0000000000022713
-2.646771690706373e-13
-2.006617094707508e-12
1.0000000000022713
-2.646771690706373e-13
-2.006617094707508e-12
1.0000000000022713
-2.646771690706373e-13
-2.006617094707508e-12
1.0000000000022713
-2.646771690706373e-13
-2.006617094707508e-12
1.0000000000022713
-2.646771690706373e-13
-2.006511359181353e-12
1.0000000000022713
-2.649309343334088e-13
-2.006580087273354e-12
1.0000000000022713
-2.6541731775372074e-13
-2.005950960892733e-12
1.0000000000022713
-2.6540251478005903e-13
-2.0058917489980862e-12
1.0000000000022713
-2.6540251478005903e-13
-2.0058917489980862e-12
1.0000000000022713
-2.6541731775372074e-13
-2.005950960892733e-12
1.0000000000022713
-2.6541731775372074e-13
-2.005950960892733e-12
1.0000000000022713
-2.653433028854124e-13
-2.0060249757610413e-12
1.0000000000022713
-2.653433028854124e-13
-2.005950960892733e-12
1.0000000000022713
-2.653433028854124e-13
-2.0060249757610413e-12
1.0000000000022713
-2.653433028854124e-13
-2.005950960892733e-12
1.0000000000022713
-2.653433028854124e-13
-2.0060989906293494e-12
1.0000000000022713
-2.653433028854124e-13
-2.005995369813718e-12
1.000000000002271
-2.653433028854124e-13
-2.005728916287808e-12
1.000000000002271
-2.6526928801710383e-13
-2.0058029311561163e-12
1.000000000002271
-2.653433028854124e-13
-2.005995369813718e-12
1.0000000000022713
-2.653433028854124e-13
-2.005950960892733e-12
1.0000000000022713
2.1087029246893522e-12
1.0000000000022957
3.821490314779232e-12
2.3732991604087023e-12
0.0
0.0
-4.06668367999571e-12
1.0000000000019602
-4.178720872853759e-12
0.0
-4.066524894597023e-12
-3.672337957087774e-12
-5.3305862565614754e-14
1.0000000000104474
2.92567896908132e-12
-6.070283546047293e-12
-0.0
0.0
-9.933165401321276e-12
0.9999999999976957
0.0
-4.72213439387328e-13
1.0000000000004634
1.0700602445154918e-13
-5.704325900524054e-13
1.0000000000004634
1.0702549957386509e-13
-5.704325900524054e-13
1.0000000000004634
2.0872192862952943e-14
1.000000000000145
0.0
6.78043079691966e-14
4.463096558993129e-14
-4.6851411639181606e-14
0.0
0.9999999999999697
0.0
-0.0
1.0
-0.0
-0.0
1.0
-0.0
-0.0
-0.0
-0.0
-0.0
1.0
-0.0
1.0
-0.0
-0.0
-0.0
-0.0
-0.0
1.0
-0.0
-0.0
0.0
-0.0
0.0
1.0
0.0
1.0
0.0
1.0
0.0
1.0
-0.0
1.0
0.0
1.0
0.0
0.9999999999999999
0.0
1.0
0.0
1.0000000000000207
0.0
1.0
-2.0650148258027912e-14
1.0
-0.0
-0.0
1.0
-0.0
-0.0
1.0
-0.0
-0.0
1.0
-0.0
-0.0
1.0
-0.0
-0.0
1.0
-0.0
1.0
-0.0
1.0
0.0
1.0
0.0
1.0
-0.0
1.0000000000000002
0.0
1.0000000000000004
-1.5543122344752192e-15
1.0000000000000016
0.0
-1.4545173007183455e-15
1.0000000000000016
-0.0
-1.5543122344752192e-15
-0.0
1.0
1.5543122344752192e-15
0.0
-1.5543122344752192e-15
1.0
1.5543122344752192e-15
